10 0
9.92115 1.25333
9.68583 2.4869
9.29776 3.68125
8.76307 4.81754
8.09017 5.87785
7.28969 6.84547
6.37424 7.70513
5.35827 8.44328
4.25779 9.04827
3.09017 9.51057
1.87381 9.82287
0.627905 9.98027
-0.627905 9.98027
-1.87381 9.82287
-3.09017 9.51057
-4.25779 9.04827
-5.35827 8.44328
-6.37424 7.70513
-7.28969 6.84547
-8.09017 5.87785
-8.76307 4.81754
-9.29776 3.68125
-9.68583 2.4869
-9.92115 1.25333
-10 1.22465e-15
-9.92115 -1.25333
-9.68583 -2.4869
-9.29776 -3.68125
-8.76307 -4.81754
-8.09017 -5.87785
-7.28969 -6.84547
-6.37424 -7.70513
-5.35827 -8.44328
-4.25779 -9.04827
-3.09017 -9.51057
-1.87381 -9.82287
-0.627905 -9.98027
0.627905 -9.98027
1.87381 -9.82287
3.09017 -9.51057
4.25779 -9.04827
5.35827 -8.44328
6.37424 -7.70513
7.28969 -6.84547
8.09017 -5.87785
8.76307 -4.81754
9.29776 -3.68125
9.68583 -2.4869
9.92115 -1.25333
10 -2.44929e-15
